#BFD ECPs
#Nickname: BFD
#

####Beryllium
4 2 1
3
2.00000000   1  4.58686001 
9.17372003   3  2.29371778 
-8.12599146  2  2.10401964 
1
14.90499810  2  2.71723988 
 ****

####Carbon
6 2 1
3
           4.00000000    1          8.35973821
          33.43895285    3          4.48361888
         -19.17537323    2          3.93831258
1
          22.55164191    2          5.02991637
 ****

####Nitrogen
7 2 1
3
  5.00000000  1  9.23501007 
 46.17505034  3  7.66830008
 -30.18893534 2  7.34486070
1
  31.69720409 2 6.99536540
 ****

####Oxygen
8 2 1
3
           6.00000000    1          9.29793903
          55.78763416    3          8.86492204
         -38.81978498    2          8.62925665
1
          38.41914135    2          8.71924452
 ****

####Silicon
14 10 2
3
           4.00000000    1          1.80721061
           7.22884246    3          9.99633089
           -13.06725590  2          2.50043232
1
           21.20531613   2          2.26686403
1
           15.43693603   2          2.11659661
 ****

####Sulfur
16 10 2
3
           6.00000000    1          2.42178462
           14.53070769   3          6.74148698
          -17.52965289   2          3.06094751
1
           25.99260928   2          2.94272173
1
           18.93356489   2          2.84566981
 ****


####Argon
18 10 2
3
            8.00000000   1           3.09403094
            24.75224749  3           6.53700323
            -20.38446872 2           3.35769859
1
            30.67006675  2            3.68203169
1
            20.84338017  2            3.45735664
 ****


####Manganese
25 10 2
3
           15.00000000   1          3.29524605
           49.42869068   3          3.61599152
          -61.66925169   2          3.57405761
1
           112.85037953  2          9.99154195
1
           49.18832867   2          7.80925218
 ****

####Iron
26  10  2
3
           16.00000000   1          3.72075632
           59.53210107   3          3.92321272
          -68.75847841   2          3.89595440
1
          112.92561163   2          10.42343546
1
           52.55882759   2          8.41664076
 ****
 
####Fluorine
9 2 1
 3
         7.00000000     1     11.39210685
        79.74474797     3     10.74911370
       -49.45159098     2     10.45120693
1
        50.25646328     2      11.30345826
 ****

####Chlorine
17 10 2
3
  7.00000000    1   2.41079533
  16.87556731   3   5.29139158
 -18.80917558   2   2.91105513
1
  28.59107316   2   3.34528827
1
  19.37583724   2   3.12408551
 ****




####
 0
