#Quadruple-Zeta-Basis for BFD ECPs
#Nickname: BFD-VQZ
# H functions are removed!!!!!!!!!!!!!!!!!!!!!!!!!!!!!!!!!!!!


####Carbon
6 0
S 9 1.00
0.051344     0.013991
0.102619     0.169852
0.205100     0.397529
0.409924     0.380369
0.819297     0.180113
1.637494     -0.033512
3.272791     -0.121499
6.541187     0.015176
13.073594     -0.000705
S 1 1.00
0.109576     1.000000
S 1 1.00
0.846879     1.000000
S 1 1.00
0.269659     1.000000
P 9 1.00
0.029281     0.001787
0.058547     0.050426
0.117063     0.191634
0.234064     0.302667
0.468003     0.289868
0.935757     0.210979
1.871016     0.112024
3.741035     0.054425
7.480076     0.021931
P 1 1.00
0.105389     1.000000
P 1 1.00
0.313254     1.000000
P 1 1.00
0.804681     1.000000
D 1 1.00
0.240171     1.000000
D 1 1.00
0.684884     1.000000
D 1 1.00
2.013760     1.000000
F 1 1.00
0.457302     1.000000
F 1 1.00
1.324930     1.000000
G 1 1.00
1.034180     1.000000
****

####Oxygen
8 0
S 9 1.00
0.125346     0.055741
0.268022     0.304848
0.573098     0.453752
1.225429     0.295926
2.620277     0.019567
5.602818     -0.128627
11.980245     0.012024
25.616801     0.000407
54.775216     -0.000076
S 1 1.00
0.224380     1.000000
S 1 1.00
0.843157     1.000000
S 1 1.00
1.351771     1.000000
P 9 1.00
0.083598     0.044958
0.167017     0.150175
0.333673     0.255999
0.666627     0.281879
1.331816     0.242835
2.660761     0.161134
5.315785     0.082308
10.620108     0.039899
21.217318     0.004679
P 1 1.00
0.148562     1.000000
P 1 1.00
0.452364     1.000000
P 1 1.00
1.106737     1.000000
D 1 1.00
0.455711     1.000000
D 1 1.00
1.344331     1.000000
D 1 1.00
4.008867     1.000000
F 1 1.00
1 0.876289     1.000000
F 1 1.00
1 2.763115     1.000000
G 1 1.00
1 1.759081     1.000000
****

####Sulfur
16 0
S 9 1.00
0.095120     0.140074
0.202385     0.490942
0.430611     0.515297
0.916203     0.050320
1.949388     -0.298908
4.147674     0.019827
8.824926     0.007266
18.776623     -0.001602
39.950656     0.000271
S 1 1.00
0.123759     1.000000
S 1 1.00
0.315587     1.000000
S 1 1.00
0.651905     1.000000
P 9 1.00
0.057087     0.081938
0.115901     0.251826
0.235305     0.376344
0.477723     0.320902
0.969889     0.143779
1.969099     -0.045543
3.997726     -0.017191
8.116307     0.002580
16.477979     -0.000222
P 1 1.00
0.078717     1.000000
P 1 1.00
0.202707     1.000000
P 1 1.00
0.301333     1.000000
D 1 1.00
0.215701     1.000000
D 1 1.00
0.560638     1.000000
D 1 1.00
1.588204     1.000000
F 1 1.00
0.356554     1.000000
F 1 1.00
0.961826     1.000000
G 1 1.00
0.694803     1.000000
****

####Argon
18   0
S 9 1.00
 0.147347     0.155473
 0.312164     0.494617
 0.661339     0.526705
 1.401090     0.021986
 2.968301     -0.338533
 6.288539     0.056023
 13.322677     -0.000115
 28.224956     -0.000595
 59.796402     0.000127
S 1 1.00
 0.196024     1.000000
S 1 1.00
 0.540061     1.000000
S 1 1.00
 1.020348     1.000000
P 9 1.00
 0.090580     0.079101
 0.188085     0.260718
 0.390548     0.395065
 0.810953     0.334954
 1.683902     0.107462
 3.496535     -0.073657
 7.260371     -0.001407
 15.075781     0.001710
 31.304069     -0.000275
P 1 1.00
 0.140701     1.000000
P 1 1.00
 1.604300     1.000000
P 1 1.00
 0.367738     1.000000
D 1 1.00
 0.304103     1.000000
D 1 1.00
 0.760464     1.000000
D 1 1.00
 1.900944     1.000000
F 1 1.00
 0.583628     1.000000
F 1 1.00
 1.480507     1.000000
G 1 1.00
 1.030824     1.000000
****

####IRON
26    0
S 8 1.00
25.882657     -0.010318
14.037755     0.230364
9.007794     -0.566551
2.068350     0.544437
0.993498     0.540001
0.471151     0.143115
0.102489     0.007386
0.036902     0.001869
S 8 1.00
25.882657     0.000341
14.037755     -0.047646
9.007794     0.136465
2.068350     -0.153371
0.993498     -0.288555
0.471151     -0.044212
0.102489     0.704768
0.036902     0.415407
S 8 1.00
25.882657     -0.030967
14.037755     -0.034192
9.007794     0.383443
2.068350     -1.259192
0.993498     -0.098913
0.471151     1.194321
0.102489     0.555024
0.036902     -1.077563
S 8 1.00
25.882657     0.429968
14.037755     -1.786544
9.007794     1.482641
2.068350     2.684004
0.993498     -6.152490
0.471151     4.806621
0.102489     -2.134831
0.036902     0.805728
S 8 1.00
25.882657     1.274830
14.037755     -6.369131
9.007794     7.265762
2.068350     -4.893384
0.993498     4.859963
0.471151     -1.939411
0.102489     -0.429262
0.036902     1.856456
S 1 1.00
0.017500     1.000000
P 7 1.00
16.659389     0.007223
10.450653     -0.070315
4.183289     0.229161
2.117962     0.393199
1.064494     0.361596
0.514743     0.154139
0.210442     0.016498
P 7 1.00
16.659389     -0.005560
10.450653     0.063506
4.183289     -0.276956
2.117962     -0.321479
1.064494     -0.004808
0.514743     0.330833
0.210442     0.357095
P 7 1.00
16.659389     0.008185
10.450653     -0.125348
4.183289     0.657186
2.117962     0.505908
1.064494     -0.773757
0.514743     -0.592779
0.210442     0.185315
P 7 1.00
16.659389     0.037533
10.450653     0.089805
4.183289     -1.569597
2.117962     1.106861
1.064494     1.129157
0.514743     -1.167998
0.210442     -0.795499
P 7 1.00
16.659389     -0.348881
10.450653     0.672826
4.183289     1.674870
2.117962     -3.923602
1.064494     2.917359
0.514743     0.019595
0.210442     -1.965905
P 1 1.00
0.105000     1.000000
D 6 1.00
10.232413     0.081591
4.841151     0.263190
2.039827     0.342856
0.840565     0.338326
0.328485     0.240730
0.116926     0.088375
D 6 1.00
10.232413     -0.086500
4.841151     -0.339738
2.039827     -0.328882
0.840565     0.130025
0.328485     0.494941
0.116926     0.365933
D 6 1.00
10.232413     -0.101424
4.841151     -0.548492
2.039827     -0.002091
0.840565     0.828457
0.328485     -0.088206
0.116926     -0.590958
D 6 1.00
10.232413     -0.233647
4.841151     -0.793234
2.039827     1.273621
0.840565     -0.201388
0.328485     -0.821928
0.116926     0.641824
D 1 1.00
0.058000     1.000000
F 1 1.00
0.817020     1.000000
F 1 1.00
2.413470     1.000000
F 1 1.00
6.141057     1.000000
G 1 1.00
1.926033     1.000000
G 1 1.00
4.951166     1.000000
****

####
 0


 # M. Burkatzki, C. Filippi, M. Dolg triple zeta basis for ECP
 # Downloaded from http://www.burkatzki.com/pseudos/index.2.html
 # H functions are removed!!!!!!!!!!!!!!!!!!!!!!!!!!!!!!!!!!!!
 # H functions are removed!!!!!!!!!!!!!!!!!!!!!!!!!!!!!!!!!!!!
 # H functions are removed!!!!!!!!!!!!!!!!!!!!!!!!!!!!!!!!!!!!

