#Dunnings cc-pVTZ basis without f-functions
#Nickname: cc-pVTZ 
#

####Hydrogen
 1  0
 S   5 1.00             1.01529    0.578103   0.148438   0.150938
      0.3387000000D+02  0.6067999217D-02
      0.5095000000D+01  0.4530799416D-01
      0.1159000000D+01  0.2028219738D+00
      0.3258000000D+00  0.5039029350D+00
      0.1027000000D+00  0.3834209505D+00
 S   1 1.00             0.00000    0.00000    0.00000    0.00000
      0.3258000000D+00  0.1000000000D+01
 S   1 1.00             0.00000    0.00000    0.00000    0.00000
      0.1027000000D+00  0.1000000000D+01
 P   1 1.00             0.00000    0.00000    0.00000    0.00000
      0.1407000000D+01  0.1000000000D+01
 P   1 1.00             0.00000    0.00000    0.00000    0.00000
      0.3880000000D+00  0.1000000000D+01
 D   1 1.00             0.00000    0.00000    0.00000    0.00000
      0.1057000000D+01  0.1000000000D+01
 ****

####Lithium 
 3  0
 S  11 1.00               3.1587    2.47173    0.132497   0.134997
      0.5988000000D+04  0.1329999901D-03
      0.8989000000D+03  0.1024999924D-02
      0.2059000000D+03  0.5271999607D-02
      0.5924000000D+02  0.2092899844D-01
      0.1987000000D+02  0.6633999506D-01
      0.7406000000D+01  0.1657749877D+00
      0.2930000000D+01  0.3150379765D+00
      0.1189000000D+01  0.3935229707D+00
      0.4798000000D+00  0.1908699858D+00
      0.7509000000D-01  0.5413999597D-02
      0.2832000000D-01 -0.1327999901D-02
 S  11 1.00               2.77382   -0.439127   0.132908   0.135408
      0.5988000000D+04 -0.2100000605D-04
      0.8989000000D+03 -0.1610000464D-03
      0.2059000000D+03 -0.8200002362D-03
      0.5924000000D+02 -0.3326000958D-02
      0.1987000000D+02 -0.1051900303D-01
      0.7406000000D+01 -0.2809700809D-01
      0.2930000000D+01 -0.5593601611D-01
      0.1189000000D+01 -0.9923702859D-01
      0.4798000000D+00 -0.1121890323D+00
      0.7509000000D-01  0.5678891636D+00
      0.2832000000D-01  0.5303821528D+00
 S   1 1.00               0.00000    0.00000    0.00000    0.0000
      0.7509000000D-01  0.1000000000D+01
 S   1 1.00               0.00000    0.00000    0.00000    0.0000
      0.2832000000D-01  0.1000000000D+01
 P   5 1.00               0.00000    0.00000    0.00000    0.0000
      0.3266000000D+01  0.8630004765D-02
      0.6511000000D+00  0.4753802625D-01
      0.1696000000D+00  0.2097721158D+00
      0.5578000000D-01  0.5285222918D+00
      0.2050000000D-01  0.3827442113D+00
 P   1 1.00               0.00000    0.00000    0.00000    0.0000
      0.5578000000D-01  0.1000000000D+01
 P   1 1.00               0.00000    0.00000    0.00000    0.0000
      0.2050000000D-01  0.1000000000D+01
 D   1 1.00               0.00000    0.00000    0.00000    0.0000
      0.1874000000D+00  0.1000000000D+01
 D   1 1.00               0.00000    0.00000    0.00000    0.0000
      0.8010000000D-01  0.1000000000D+01
 ****

####Beryllium
 4  0
 S  11 1.00             4.13119       3.98372      0.123669      0.126169
      0.6863000000D+04  0.2359999036D-03
      0.1030000000D+04  0.1825999254D-02
      0.2347000000D+03  0.9451996140D-02
      0.6656000000D+02  0.3795698450D-01
      0.2169000000D+02  0.1199649510D+00
      0.7734000000D+01  0.2821618848D+00
      0.2916000000D+01  0.4274038255D+00
      0.1130000000D+01  0.2662778913D+00
      0.2577000000D+00  0.1819299257D-01
      0.1101000000D+00 -0.7274997029D-02
      0.4409000000D-01  0.1902999223D-02
 S  11 1.00               3.53005      -.849112      0.123542      0.126042
      0.6863000000D+04 -0.4299999627D-04
      0.1030000000D+04 -0.3329999712D-03
      0.2347000000D+03 -0.1735999850D-02
      0.6656000000D+02 -0.7011999393D-02
      0.2169000000D+02 -0.2312599800D-01
      0.7734000000D+01 -0.5813799496D-01
      0.2916000000D+01 -0.1145559901D+00
      0.1130000000D+01 -0.1359079882D+00
      0.2577000000D+00  0.2280259802D+00
      0.1101000000D+00  0.5774409500D+00
      0.4409000000D-01  0.3178729725D+00
 S   1 1.00               0.00000    0.00000    0.00000    0.00000
      0.2577000000D+00  0.1000000000D+01
 S   1 1.00               0.00000    0.00000    0.00000    0.00000
      0.4409000000D-01  0.1000000000D+01
 P   5 1.00               0.00000    0.00000    0.00000    0.00000
      0.7436000000D+01  0.1073599695D-01
      0.1577000000D+01  0.6285398212D-01
      0.4352000000D+00  0.2481799294D+00
      0.1438000000D+00  0.5236988510D+00
      0.4994000000D-01  0.3534248995D+00
 P   1 1.00               0.00000    0.00000    0.00000    0.00000
      0.1438000000D+00  0.1000000000D+01
 P   1 1.00               0.00000    0.00000    0.00000    0.00000
      0.4994000000D-01  0.1000000000D+01
 D   1 1.00               0.00000    0.00000    0.00000    0.00000
      0.3480000000D+00  0.1000000000D+01
 D   1 1.00               0.00000    0.00000    0.00000    0.00000
      0.1803000000D+00  0.1000000000D+01
 ****

####Boron
 5  0
 S  10 1.00         5.09712       5.72070      0.137247      0.139747
      0.5473000000D+04  0.5549996279D-03
      0.8209000000D+03  0.4290997123D-02
      0.1868000000D+03  0.2194898528D-01
      0.5283000000D+02  0.8444094339D-01
      0.1708000000D+02  0.2385568401D+00
      0.5999000000D+01  0.4350717083D+00
      0.2208000000D+01  0.3419547707D+00
      0.5879000000D+00  0.3685597529D-01
      0.2415000000D+00 -0.9544993601D-02
      0.8610000000D-01  0.2367998412D-02
 S  10 1.00         4.30021      -1.36987      0.137247      0.139747
      0.5473000000D+04 -0.1120000155D-03
      0.8209000000D+03 -0.8680001198D-03
      0.1868000000D+03 -0.4484000619D-02
      0.5283000000D+02 -0.1768300244D-01
      0.1708000000D+02 -0.5363900740D-01
      0.5999000000D+01 -0.1190050164D+00
      0.2208000000D+01 -0.1658240229D+00
      0.5879000000D+00  0.1201070166D+00
      0.2415000000D+00  0.5959810822D+00
      0.8610000000D-01  0.4110210567D+00
 S   1 1.00         0.00000    0.00000    0.00000    0.0000
      0.5879000000D+00  0.1000000000D+01
 S   1 1.00         0.00000    0.00000    0.00000    0.0000
      0.8610000000D-01  0.1000000000D+01
 P   5 1.00         0.00000    0.00000    0.00000    0.0000
      0.1205000000D+02  0.1311799269D-01
      0.2613000000D+01  0.7989595547D-01
      0.7475000000D+00  0.2772748455D+00
      0.2385000000D+00  0.5042697189D+00
      0.7698000000D-01  0.3536798029D+00
 P   1 1.00         0.00000    0.00000    0.00000    0.0000
      0.2385000000D+00  0.1000000000D+01
 P   1 1.00         0.00000    0.00000    0.00000    0.0000
      0.7698000000D-01  0.1000000000D+01
 D   1 1.00         0.00000    0.00000    0.00000    0.0000
      0.6610000000D+00  0.1000000000D+01
 D   1 1.00         0.00000    0.00000    0.00000    0.0000
 ****

####Carbon
 6  0
 S  10 1.00             6.04480       7.66503      0.113385      0.115885
      0.8236000000D+04  0.5309998617D-03
      0.1235000000D+04  0.4107998930D-02
      0.2808000000D+03  0.2108699451D-01
      0.7927000000D+02  0.8185297868D-01
      0.2559000000D+02  0.2348169388D+00
      0.8997000000D+01  0.4344008869D+00
      0.3319000000D+01  0.3461289099D+00
      0.9059000000D+00  0.3937798974D-01
      0.3643000000D+00 -0.8982997660D-02
      0.1285000000D+00  0.2384999379D-02
 S  10 1.00             5.08246      -1.94900      0.113154      0.115654
      0.8236000000D+04 -0.1129999414D-03
      0.1235000000D+04 -0.8779995449D-03
      0.2808000000D+03 -0.4539997647D-02
      0.7927000000D+02 -0.1813299060D-01
      0.2559000000D+02 -0.5575997110D-01
      0.8997000000D+01 -0.1268949342D+00
      0.3319000000D+01 -0.1703519117D+00
      0.9059000000D+00  0.1403819272D+00
      0.3643000000D+00  0.5986836897D+00
      0.1285000000D+00  0.3953887950D+00
 S   1 1.00             0.00000    0.00000    0.00000    0.00000
      0.9059000000D+00  0.1000000000D+01
 S   1 1.00             0.00000    0.00000    0.00000    0.00000
      0.1285000000D+00  0.1000000000D+01
 P   5 1.00             0.00000    0.00000    0.00000    0.00000
      0.1871000000D+02  0.1403099838D-01
      0.4133000000D+01  0.8686598995D-01
      0.1200000000D+01  0.2902159664D+00
      0.3827000000D+00  0.5010079421D+00
      0.1209000000D+00  0.3434059603D+00
 P   1 1.00             0.00000    0.00000    0.00000    0.00000
      0.3827000000D+00  0.1000000000D+01
 P   1 1.00             0.00000    0.00000    0.00000    0.00000
      0.1209000000D+00  0.1000000000D+01
 D   1 1.00             0.00000    0.00000    0.00000    0.00000
      0.1097000000D+01  0.1000000000D+01
 D   1 1.00             0.00000    0.00000    0.00000    0.00000
      0.3180000000D+00  0.1000000000D+01
 ****

####Nitrogen 
 7  0
 S  10 1.00               7.04363     9.75233    0.141453   0.143953
      0.1142000000D+05  0.5229996559D-03
      0.1712000000D+04  0.4044997339D-02
      0.3893000000D+03  0.2077498633D-01
      0.1100000000D+03  0.8072694689D-01
      0.3557000000D+02  0.2330738467D+00
      0.1254000000D+02  0.4335007148D+00
      0.4644000000D+01  0.3474717714D+00
      0.1293000000D+01  0.4126197285D-01
      0.5118000000D+00 -0.8507994403D-02
      0.1787000000D+00  0.2383998432D-02
 S  10 1.00               5.90975    -2.57442    0.138105   0.140605
      0.1142000000D+05 -0.1149999544D-03
      0.1712000000D+04 -0.8949996452D-03
      0.3893000000D+03 -0.4623998167D-02
      0.1100000000D+03 -0.1852799265D-01
      0.3557000000D+02 -0.5733897727D-01
      0.1254000000D+02 -0.1320759476D+00
      0.4644000000D+01 -0.1725099316D+00
      0.1293000000D+01  0.1518139398D+00
      0.5118000000D+00  0.5999437621D+00
      0.1787000000D+00  0.3874618464D+00
 S   1 1.00               0.00000    0.00000    0.00000    0.00000
      0.1293000000D+01  0.1000000000D+01
 S   1 1.00               0.00000    0.00000    0.00000    0.00000
      0.1787000000D+00  0.1000000000D+01
 P   5 1.00                0.00000    0.00000    0.00000    0.00000
      0.2663000000D+02  0.1467000345D-01
      0.5948000000D+01  0.9176402155D-01
      0.1742000000D+01  0.2986830701D+00
      0.5550000000D+00  0.4984871171D+00
      0.1725000000D+00  0.3370230791D+00
 P   1 1.00               0.00000    0.00000    0.00000    0.00000
      0.5550000000D+00  0.1000000000D+01
 P   1 1.00               0.00000    0.00000    0.00000    0.00000
      0.1725000000D+00  0.1000000000D+01
 D   1 1.00               0.00000    0.00000    0.00000    0.00000
      0.1654000000D+01  0.1000000000D+01
 D   1 1.00               0.00000    0.00000    0.00000    0.00000
      0.4690000000D+00  0.1000000000D+01
 ****

####Oxygen
 8   0
 S  10 1.00             8.01561     12.0183   0.148438   0.150938
      0.1533000000D+05  0.5079996682D-03
      0.2299000000D+04  0.3928997434D-02
      0.5224000000D+03  0.2024298678D-01
      0.1473000000D+03  0.7918094828D-01
      0.4755000000D+02  0.2306868493D+00
      0.1676000000D+02  0.4331177171D+00
      0.6207000000D+01  0.3502597712D+00
      0.1752000000D+01  0.4272797209D-01
      0.6882000000D+00 -0.8153994674D-02
      0.2384000000D+00  0.2380998445D-02
 S  10 1.00             6.75564    -3.26658    0.118346    0.120846
      0.1533000000D+05 -0.1150000604D-03
      0.2299000000D+04 -0.8950004697D-03
      0.5224000000D+03 -0.4636002433D-02
      0.1473000000D+03 -0.1872400983D-01
      0.4755000000D+02 -0.5846303068D-01
      0.1676000000D+02 -0.1364630716D+00
      0.6207000000D+01 -0.1757400922D+00
      0.1752000000D+01  0.1609340845D+00
      0.6882000000D+00  0.6034183167D+00
      0.2384000000D+00  0.3787651988D+00
 S   1 1.00             0.00000    0.00000    0.00000    0.00000
      0.1752000000D+01  0.1000000000D+01
 S   1 1.00             0.00000    0.00000    0.00000    0.00000
      0.2384000000D+00  0.1000000000D+01
 P   5 1.00             0.00000    0.00000    0.00000    0.00000
      0.3446000000D+02  0.1592799074D-01
      0.7749000000D+01  0.9973994203D-01
      0.2280000000D+01  0.3104918195D+00
      0.7156000000D+00  0.4910257146D+00
      0.2140000000D+00  0.3363368045D+00
 P   1 1.00             0.00000    0.00000    0.00000    0.00000
      0.7156000000D+00  0.1000000000D+01
 P   1 1.00             0.00000    0.00000    0.00000    0.00000
      0.2140000000D+00  0.1000000000D+01
 D   1 1.00             0.00000    0.00000    0.00000    0.00000
      0.2314000000D+01  0.1000000000D+01
 D   1 1.00             0.00000    0.00000    0.00000    0.00000
      0.6450000000D+00  0.1000000000D+01
 ****

####Fluorine
 9   0
 S  10 1.00               8.99824   14.4294    0.134151    0.136651
      0.1950000000D+05  0.5070001688D-03
      0.2923000000D+04  0.3923001306D-02
      0.6645000000D+03  0.2020000673D-01
      0.1875000000D+03  0.7901002631D-01
      0.6062000000D+02  0.2304390767D+00
      0.2142000000D+02  0.4328721441D+00
      0.7950000000D+01  0.3499641165D+00
      0.2257000000D+01  0.4323301440D-01
      0.8815000000D+00 -0.7892002628D-02
      0.3041000000D+00  0.2384000794D-02
 S  10 1.00               7.59618   -4.00440    0.141749   0.144249
      0.1950000000D+05 -0.1169999533D-03
      0.2923000000D+04 -0.9119996360D-03
      0.6645000000D+03 -0.4716998117D-02
      0.1875000000D+03 -0.1908599238D-01
      0.6062000000D+02 -0.5965497619D-01
      0.2142000000D+02 -0.1400099441D+00
      0.7950000000D+01 -0.1767819294D+00
      0.2257000000D+01  0.1716249315D+00
      0.8815000000D+00  0.6050427585D+00
      0.3041000000D+00  0.3695118525D+00
 S   1 1.00               0.00000    0.00000    0.00000    0.00000
      0.2257000000D+01  0.1000000000D+01
 S   1 1.00               0.00000    0.00000    0.00000    0.00000
      0.3041000000D+00  0.1000000000D+01
 P   5 1.00                0.00000    0.00000    0.00000    0.00000
      0.4388000000D+02  0.1666500251D-01
      0.9926000000D+01  0.1044720157D+00
      0.2930000000D+01  0.3172600478D+00
      0.9132000000D+00  0.4873430734D+00
      0.2672000000D+00  0.3346040504D+00
 P   1 1.00               0.00000    0.00000    0.00000    0.00000
      0.9132000000D+00  0.1000000000D+01
 P   1 1.00               0.00000    0.00000    0.00000    0.00000
      0.2672000000D+00  0.1000000000D+01
 D   1 1.00               0.00000    0.00000    0.00000    0.00000
      0.3107000000D+01  0.1000000000D+01
 D   1 1.00               0.00000    0.00000    0.00000    0.00000
      0.8550000000D+00  0.1000000000D+01
 ****
####
 0

# from the elms library (http://www.emsl.pnl.gov/forms/basisform.html)
# please quote that page and the text below if using this basis:
# Basis sets were obtained from the Extensible Computational Chemistry Environment Basis Set Database, Version 02/25/04, as developed and distributed by the Molecular Science Computing Facility, Environmental and Molecular Sciences Laboratory which is part of the Pacific Northwest Laboratory, P.O. Box 999, Richland, Washington 99352, USA, and funded by the U.S. Department of Energy. The Pacific Northwest Laboratory is a multi-program laboratory operated by Battelle Memorial Institute for the U.S. Department of Energy under contract DE-AC06-76RLO 1830. Contact David Feller or Karen Schuchardt for further information.


