#Lester soft-ECPs
#Nickname: LES
#


####Carbon
6  2  1
 3
           4.0000000    1           5.9934390
          23.9737550    3           5.9934390
         -21.7569350    2           5.8442320
 2
          29.2956550    2           5.7204890
          -2.0625530    4           4.8029410
 ****

####Nitrogen 
7  2  1
 3
           5.0000000   1            7.348473
          36.7423690   3            7.348473
         -29.9453090   2            7.239787
 2
          40.7261740   2            7.186794
         -22.0596300   4            6.279885
 ****

####Oxygen
8  2  1
 3
           6.0000000    1          10.864721
          65.1883290    3          10.864721
         -44.2943660    2          10.798623
 2
          55.4287320    2          10.304951
         -22.0740350    4           9.216376
 ****

####Fluorine
9  2  1
 3
           7.0000000    1           7.5833820
          53.0836770    3           7.5833820
         -44.1321900    2           7.7687370
 2
          60.0384180    2          11.4327830
         -12.7270610    4           5.7045560
 ****

#### 
 0

