#Needs ECPs, 6 Fitfunktionen pro Projektor
#Nickname: NEE
#

####Vanadium
23 18  2
 6 
            5.00000000    1    4.80344323
           22.35774108    2    18.78787979
          -64.07198704    2    7.13216682
            4.33388926    2    9.27213879
           -3.33388926    2    0.97989891
           24.01721615    3    16.08839186
 6 
          180.61077610    2    8.25076842
         -142.94184574    2    0.97905818
         -150.64642751    2    9.92043295
           -6.71407277    2    0.62363714
          176.09329684    2    0.95148528
          -17.73131270    2    1.07801133
 6 
           57.45110361    2    5.32960287
          -20.81111514    2    14.24980571
           -8.29286428    2    1.85925508
           -5.73287020    2    0.58593750
           29.10022105    2    0.79878530
          -14.07269455    2    1.00225258
 ****

#### 
 0

