#Steven Basch Kraus ECPs
#Nickname: SBK
#


####Lithium
3  2  1
 1
         -0.73063000    1           1.34306000
 2
          1.80131000    0           0.61284000
          3.54971000    2           1.64881000
 ****

####Beryllium
4  2  2
 1
          0.00000000    2           1.00000000
 1
         13.32500000    2           2.65300000
 1
         -1.57400000    2           3.12000000
 ****

####Carbon
6  2  1
 1
         -0.89371000    1           8.56468000
 2
          1.92926000    0           2.81497000
         14.88199000    2           8.11296000

 ****

####Nitrogen 
7  2  1
 1
         -0.91212000    1          11.99686000
 2
          1.93565000    0           3.83895000
         21.73355000    2          11.73247000
 ****

####Oxygen
8  2  1
 1
         -0.92550000    1          16.11718000
 2
          1.96069000    0           5.05348000
         29.13442000    2          15.95333000
 ****

####Fluorine
9  2  1
 1
         -0.93258000    1          20.73959000
 2
          2.03649000    0           6.60488000
         27.86279000    2          18.24092000
 **** 

####Vanadium
23  2  2
 1
         -3.79146000    1          12.79659000
 3
          3.43258000    0           1.50439000
        178.03957000    2           4.27321000
       -156.30605000    2           3.84121000
 2
          3.76481000    0          30.83720000
         58.96503000    2           8.34454000
 ****

#### 
 0

