#
# STO expansions
#
1S OTH10 (zeta=1.0) expansion from O-Ohata, JPSJ, 21, 2306, 1966 (THO)
10
     1.1883500000e+03     8.8622739564e-05
     1.5641100000e+02     6.2275963450e-04
     3.7927600000e+01     3.1815689653e-03
     1.0514000000e+01     1.3934425107e-02
     3.3495400000e+00     4.9609004369e-02
     1.1883400000e+00     1.4464678827e-01
     4.5859600000e-01     3.1330493513e-01
     1.9107300000e-01     4.0100201988e-01
     8.4807600000e-02     2.0321573315e-01
     3.7235600000e-02     1.5419996213e-02

1S OPT10 (zeta=1.0) expansion from stogto_opt.py
10
     2.5989378491e+02     3.8821521300e-04
     5.7755456525e+01     1.9216396374e-03
     1.5779335010e+01     8.4335068874e-03
     5.1424272204e+00     2.8648407385e-02
     1.9396198747e+00     7.8191427350e-02
     8.2152227687e-01     1.7092960558e-01
     3.7910677325e-01     2.8726369947e-01
     1.8493897922e-01     3.3400594835e-01
     9.2534847760e-02     2.0184786857e-01
     4.6076274025e-02     3.3340069193e-02
 
1S OPT14 (zeta=1.0) expansion from stogto_opt.py
14
     1.7707549783e+03     3.4265090569e-05
     4.1914767814e+02     1.5643295508e-04
     1.1708070336e+02     6.9525772257e-04
     3.7929309548e+01     2.4947636085e-03
     1.4005467139e+01     7.5816462527e-03
     5.7931530150e+00     1.9801571068e-02
     2.6380852820e+00     4.4948744337e-02
     1.2998127242e+00     8.9550781468e-02
     6.8100852794e-01     1.5529972604e-01
     3.7287719370e-01     2.2992340606e-01
     2.0969220595e-01     2.7106029541e-01
     1.1903197596e-01     2.2221251037e-01
     6.7030363803e-02     9.1419833653e-02
     3.6801691489e-02     9.8194760150e-03

2S OTH10 (zeta=1.0) expansion from stogto_opt.py alpha from O-Ohata
10
       432.0990000000        -0.0001632885
        60.6176000000        -0.0012064003
        14.1623000000        -0.0059996195
         3.9835100000        -0.0223919952
         1.3073000000        -0.0488557210
         0.2635140000         0.0457036539
         0.2010660000         0.2652885536
         0.0991734000         0.5277957618
         0.0497850000         0.2256657567
         0.0214081000         0.0057823325

2S OPT10 (zeta=1.0) expansion from stogto_opt.py
10
     1.5731201794e+02    -4.2462793198e-04
     3.4064017062e+01    -2.1342871627e-03
     9.2070805115e+00    -8.9679338021e-03
     3.0112701137e+00    -2.5710755892e-02
     1.1552839895e+00    -4.3799444719e-02
     5.0402100675e-01    -9.0281756248e-04
     2.4240352794e-01     1.9866778360e-01
     1.2458599503e-01     4.5458750462e-01
     6.6335969105e-02     3.5846238102e-01
     3.5472195507e-02     6.1841438507e-02

2S OPT14 (zeta=1.0) expansion from stogto_opt.py
14
     9.4221942312e+02    -4.2419464396e-05
     2.3943246871e+02    -1.7234097351e-04
     6.9677268344e+01    -7.4550110719e-04
     2.2954217464e+01    -2.6089945414e-03
     8.4622020679e+00    -7.7201357913e-03
     3.4509608841e+00    -1.8531499677e-02
     1.5389292285e+00    -3.3109997474e-02
     7.4183180168e-01    -3.0245933715e-02
     3.8210846149e-01     4.3587058460e-02
     2.0789712923e-01     2.2695256180e-01
     1.1810741948e-01     3.9696085114e-01
     6.9256245047e-02     3.1884872151e-01
     4.1436207073e-02     9.2692584905e-02
     2.5004982942e-02     5.7376498595e-03

2P THO8 (zeta=1.0) expansion from stogto_opt.py alpha from THO
8
        39.9819000000         0.0002646805
        11.5715000000         0.0016571557
         3.9470900000         0.0099824064
         1.4228100000         0.0498751496
         0.5482850000         0.1861509456
         0.2270700000         0.4195497070
         0.1009950000         0.4054139012
         0.0467295000         0.0881037343

2P OPT10 (zeta=1.0) expansion from stogto_opt.py
10
     4.1040673763e+01     2.3863630734e-04
     1.2042371126e+01     1.5815910126e-03
     4.2084388874e+00     8.2843617748e-03
     1.7042876001e+00     3.1846763684e-02
     7.7817797446e-01     9.2024910621e-02
     3.8978984888e-01     2.0014908882e-01
     2.0840061909e-01     3.1516258050e-01
     1.1571395128e-01     3.2480988737e-01
     6.4922020996e-02     1.6486349104e-01
     3.5811233097e-02     2.2017082159e-02

2P OPT14 (zeta=1.0) expansion from stogto_opt.py
14
     1.7198727540e+02     1.8034381776e-05
     5.7980571236e+01     9.2384014137e-05
     2.1668487034e+01     4.7626171359e-04
     8.8910625995e+00     2.0080479860e-03
     3.9671332113e+00     7.2236881035e-03
     1.9064130016e+00     2.2130378244e-02
     9.7722224774e-01     5.7531608421e-02
     5.2920617451e-01     1.2490159781e-01
     2.9986841046e-01     2.1898078544e-01
     1.7608803445e-01     2.9201250142e-01
     1.0613077672e-01     2.6638512271e-01
     6.5025584356e-02     1.3836144644e-01
     4.0112309197e-02     2.9438886898e-02
     2.4674059055e-02     1.4321853211e-03
 
3S OPT10 (zeta=1.0) expansion from stogto_opt.py
10
     1.5459659558e+01    -1.9801589169e-04
     4.8607956042e+00    -1.9466354089e-03
     1.8175795772e+00    -1.3237101119e-02
     7.8708858983e-01    -5.3554005165e-02
     3.8438229279e-01    -1.1957349022e-01
     2.0614754614e-01    -8.1750320163e-02
     1.1823157440e-01     2.2542980306e-01
     7.0614639927e-02     5.4763521257e-01
     4.2768839317e-02     3.5648902368e-01
     2.5579796507e-02     4.5910802011e-02
 
3S OPT14 (zeta=1.0) expansion from stogto_opt.py
14
     4.0591077223e+01    -1.9852754745e-05
     1.7856751834e+01    -7.6150562346e-05
     8.2120755680e+00    -4.5309876248e-04
     3.9418192475e+00    -2.0567096778e-03
     1.9717346816e+00    -8.3284980145e-03
     1.0261785978e+00    -2.7702225664e-02
     5.5479794519e-01    -7.0718452554e-02
     3.1109917228e-01    -1.1382582441e-01
     1.8064655936e-01    -3.3988429653e-02
     1.0845312401e-01     2.7689205696e-01
     6.7212597360e-02     5.0984090828e-01
     4.2930924124e-02     3.1146902816e-01
     2.8217299552e-02     6.0966142146e-02
     1.9054651911e-02     3.2046431616e-03
 
3P OPT10 (zeta=1.0) expansion from stogto_opt.py
10
     2.5968421042e+01    -1.9348495953e-04
     7.4924059160e+00    -1.2269654582e-03
     2.6112481129e+00    -5.4310945462e-03
     1.0680779549e+00    -1.2555069725e-02
     4.9815284962e-01     1.2821911488e-04
     2.5739732330e-01     9.6984658033e-02
     1.4315418789e-01     2.9722978909e-01
     8.3260611655e-02     4.1626801663e-01
     4.9202540656e-02     2.3734496993e-01
     2.8702831231e-02     3.1295076352e-02
 
3P OPT14 (zeta=1.0) expansion from stogto_opt.py
14
     1.1226394547e+02    -1.3929400371e-05
     3.7361470396e+01    -7.2407558488e-05
     1.3856782640e+01    -3.6620693080e-04
     5.6720775480e+00    -1.4443043603e-03
     2.5377553404e+00    -4.4377710261e-03
     1.2290560838e+00    -9.4701956468e-03
     6.3810850934e-01    -8.1709109397e-03
     3.5172624910e-01     2.9910406091e-02
     2.0383978813e-01     1.4714180890e-01
     1.2300806778e-01     3.1277746765e-01
     7.6546478764e-02     3.5710064241e-01
     4.8646359652e-02     1.9633022497e-01
     3.1267669156e-02     3.8925883591e-02
     2.0130160021e-02     1.6277923029e-03
 
3D OPT10 (zeta=1.0) expansion from stogto_opt.py
10
     1.2675151070e+01     1.7849840258e-04
     4.4071217248e+00     1.4845230860e-03
     1.7917063202e+00     8.8651020506e-03
     8.2997613586e-01     3.6583960281e-02
     4.2690231212e-01     1.0695002257e-01
     2.3759245898e-01     2.2434921475e-01
     1.3942965839e-01     3.2872431659e-01
     8.4076216898e-02     3.0708834256e-01
     5.0764927458e-02     1.3824746304e-01
     2.9909152649e-02     1.6131180600e-02

3D OPT14 (zeta=1.0) expansion from stogto_opt.py
14
     4.4216034831e+01     9.9090628428e-06
     1.7473832034e+01     6.2564998235e-05
     7.5352151526e+00     3.7604139079e-04
     3.5159538357e+00     1.8190903386e-03
     1.7602386263e+00     7.3085321255e-03
     9.3760879894e-01     2.4283435971e-02
     5.2690754298e-01     6.6229576768e-02
     3.0977804915e-01     1.4528368824e-01
     1.8893447772e-01     2.4699876798e-01
     1.1853784181e-01     3.0516567475e-01
     7.5862806471e-02     2.4558590251e-01
     4.9109753458e-02     1.0672815417e-01
     3.1887056534e-02     1.8086643015e-02
     2.0592534761e-02     6.7382245385e-04

4F OPT14 (zeta=1.0) expansion from stogto_opt.py
14
     1.7070493165e+01     6.1935140229e-06
     7.5496368559e+00     4.6056010125e-05
     3.6001168713e+00     3.1364361569e-04
     1.8374635440e+00     1.6916496263e-03
     9.9639951679e-01     7.3989381791e-03
     5.6985187503e-01     2.6086348492e-02
     3.4119699877e-01     7.3391200179e-02
     2.1230695504e-01     1.6114868396e-01
     1.3628249955e-01     2.6578960170e-01
     8.9584703285e-02     3.0871720143e-01
     5.9861360141e-02     2.2677693434e-01
     4.0362615793e-02     8.7947899274e-02
     2.7260453795e-02     1.3250793018e-02
     1.8306653563e-02     4.6018319735e-04

****
