#Lester soft-ECPs
#Nickname: LES
#


####Lithium
3  2  2
 1
        0.00000000   2          1.00000000
 1
        5.78600000   2          1.27600000
 1
       -1.06500000   2          1.60700000
 ****

####Beryllium
4  2  2
 1
          0.00000000    2           1.00000000
 1
         13.32500000    2           2.65300000
 1
         -1.57400000    2           3.12000000
 ****

####Carbon
6  2  3
 1
          0.00000000    2           1.00000000
 1
         33.12163800    2           6.40105200
 1
         -1.98625700    2           7.30774700
 1 
         -9.45431800    2           5.96179600

 ****

####Nitrogen 
7  2  3
 1
          0.00000000    2           1.00000000
 1
         38.53383100    2           7.97723200
 1
         -2.55081000    2          10.18385400
 1
         -2.99554500    2          11.55994700
 ****

####Oxygen
8 2  3
 1
          0.00000000    2           1.00000000
 1
         50.77106900    2          10.44567000
 1
         -4.90355100    2          18.04517400
 1
         -3.31212400    2           8.16479800
 ****

####Fluorine
9  2  3
 1
          0.00000000    2           1.00000000
 2
        102.59795200    2          22.35040000
         19.04966300    2          11.17520000
 2
        -15.14396000    2          26.47680000
          2.80292100    2          13.23840000
 1
         -0.00186300    2           0.03160000
 ****

####Vanadium
23 10  3
 1
          0.00000000    2           1.00000000
 2
        178.44797100    2          14.49000000
         19.83137500    2           6.52400000
 2 
        109.52976300    2          14.30000000
         12.57031000    2           6.02100000
 2 
        -19.21965700    2          17.48000000
         -0.64277500    2           5.70900000
 ****

#### 
 0

